(1203,0.1148086053346144)
(100,0.9409344754540385)
(340,0.8804637232685792)
(1450,0.03604431138027451)
(1451,0.10485435068285212)
(1310,0.0019969799871959104)
(1674,0.014466792193363793)
(1309,0.001003429082888056)
(1420,0.03495086312912275)
(321,1.031513665519436)
(1659,0.008882295231101265)
(319,0.9953606625039539)
(430,0.06558636280322694)
(1660,0.014439829793017315)
(1526,0.008047416096058658)
(306,0.7565016564850104)
(303,0.8384867487181036)
(301,1.0783144273080616)
(302,1.0004726517351283)
(661,0.0696758902238501)
(1515,0.015320534083957227)
(657,0.06347172037609175)
(656,0.05117628620750205)
(530,0.0015484961415476554)
(1507,0.020226513124380386)
(525,0.16627431159096806)
(524,0.0692134852389186)
(646,-0.047633682408230474)
(641,-4.0991696643259516E-4)
(519,0.06171599611414495)
(517,0.26917976159007634)
(514,0.2510769842910713)
(515,0.6711171125876723)
(516,0.20932503314641598)
(513,0.13433993357410773)
(1298,0.08276640018866402)
(507,0.12020248907917225)
(505,0.1070313944206362)
(745,0.08832614793206121)
(502,0.10203279106762032)
(740,0.5903285644652493)
(181,0.797803307379026)
(617,0.14204950532432084)
(618,0.14652369976674828)
(855,0.1120555086077826)
(611,0.1326311070755882)
(1397,0.06115119507750966)
(297,0.6358828192515951)
(608,0.10012229892807273)
(607,0.14470229272709936)
(604,0.16476142669572746)
(602,0.19323556197036962)
(605,0.17790650079900505)
(606,0.1877704536698603)
(289,1.056370580916039)
(286,1.23445169535725)
(285,0.989432640098211)
(283,0.8972000429972256)
(1266,0.08039574659187887)
(50,0.8497503901714806)
(835,0.09967244918117613)
(711,0.02296121754936409)
(836,0.16871456155768974)
(1138,0.066543074210826)
(275,1.0044759451479073)
(152,0.0549199554577538)
(1020,0.18903512560603444)
(1021,0.09746537313714615)
(701,0.05691865588637389)
(1123,0.053869207033611824)
(269,1.107804310498265)
(1125,0.051656897701254624)
(1124,0.10792719577149336)
(811,0.1259501384683771)
(1474,0.019187066075507554)
(499,0.17219556946371484)
(258,1.0759433436266341)
(257,0.8178885656968967)
(494,0.2007219506096434)
(493,0.2451485201347763)
(490,0.178572480555279)
(492,0.1439425727161004)
(497,0.17620778520698538)
(1355,0.12456856838927009)
(127,0.8386299096201086)
(489,0.16318051978887124)
(488,0.18609797804159997)
(484,0.015022664105621131)
(242,0.8284871458578213)
(481,0.20548867463610912)
(482,0.13680578134918084)
(487,0.25238317945595823)
(1472,0.05461778295730507)
(14,0.8939517605108654)
(478,0.18476650451432297)
(1456,0.06410193422663807)
(906,0.22564395076152438)
(1449,0.04294329349609091)
(902,0.31698573224815974)
(900,0.40710259949747307)
(1200,0.062238219770463)
(901,0.04922751246352213)
(1204,0.12491874550366976)
(1205,0.05006140638531753)
(1444,-0.0045276344212999975)
(1447,0.015322605244526857)
(1443,-0.005740766977639825)
(1430,0.01255643743140826)
(1432,-9.516108298139939E-4)
(1556,-0.01885611442092152)
(1313,0.17432433892547655)
(1433,0.017911552454259037)
(1558,0.015711007860894594)
(1306,-0.0066317302430334655)
(1307,-0.00813392792361701)
(1661,0.006705224186996776)
(1544,-0.004504252198185454)
(1545,0.034799718341843464)
(1671,0.005805483690078671)
(1539,0.006881490758161718)
(1530,0.04491726972680045)
(1411,-0.0249665417730717)
(1654,0.0029272177765210143)
(1656,0.025398295546178996)
(1412,-0.005553984029020527)
(1533,0.003230934761114205)
(1408,-0.010893329229665533)
(1409,-0.024251539621154707)
(1521,0.0736472786979906)
(1523,0.012047799071374142)
(1512,0.017696852633175875)
(1626,-0.004403409422472859)
(1625,0.00570781675960999)
(1509,-6.363073264470387E-5)
(1627,0.0040114022798746485)
(1508,0.027118212885743936)
(1620,0.11139508213753824)
(1624,0.0034995124071192)
(94,-0.02429500180753147)
(1618,-0.005632466363309954)
(199,0.053823456660254315)
(1603,0.027468370509320675)
(294,1.0824830158984002)
(292,0.740263480316603)
(167,0.06798314193984895)
(166,0.14855181805067091)
(163,0.03405765736795649)
(162,0.09334059006816572)
(399,-0.09440866754595104)
(398,-0.0927606745740758)
(271,0.5105062391949713)
(270,0.6404107116654444)
(272,0.8346133953369661)
(389,-0.013072788849720768)
(384,0.0038016149491986173)
(141,-0.09910036022087551)
(142,-0.019376285909094848)
(35,-0.035885868025961984)
(139,-0.021043802763371477)
(259,0.5864331737060342)
(136,0.011726028116759778)
(138,0.019093979093541324)
(131,0.10948648253578347)
(371,0.22692568937961727)
(491,0.04630574904014355)
(495,0.06436861744305009)
(377,-0.009517224345356137)
(486,0.12259584672303464)
(243,0.40155710437412706)
(245,0.9575164913793464)
(485,0.006844568196741969)
(362,0.15687090567837225)
(599,9.111789200214829E-4)
(598,0.0254565741116436)
(110,0.007118656897694725)
(347,0.6375164940252044)
(345,0.5341555265516568)
(344,0.39436951199964154)
(102,-0.09896283649451551)
(580,0.10393423529166025)
(579,0.015934945607885498)
(211,0.04274933621775187)
(331,0.5950205416366012)
(333,0.8861207145326574)
(690,0.8097581487280051)
(691,0.1132609973370239)
(328,0.9754797728481488)
(326,0.721629995893667)
(323,0.7734508663197386)
(205,-0.05308460804209397)
(445,-0.053787405578573255)
(322,0.8340242377769933)
(560,-0.03386823938831618)
(565,-0.06720028824027732)
(683,0.23054411593422164)
(316,0.6465995968615471)
(314,0.05264355446163763)
(434,-0.13442310821078643)
(311,0.6808416784623218)
(313,1.0354476433604796)
(310,0.8243671997890346)
(315,0.8403457990571801)
(435,0.025963110060062654)
(312,0.6664559030576077)
(677,0.0019623534657719315)
(675,-0.062327524032542894)
(671,0.02765801516774663)
(678,0.654502937540852)
(309,0.16113278873629105)
(429,-0.08056348579967346)
(308,0.28008848087517235)
(304,0.8285508533963586)
(305,0.592980267349719)
(300,1.107882055616533)
(307,0.8244278333865267)
(422,-0.0766428787088779)
(662,0.07771528340713185)
(667,-0.044795806986288086)
(548,-0.03952544367170424)
(663,0.1348633290470835)
(417,0.04766691571190085)
(415,0.037052244016667485)
(414,0.1476742244278491)
(539,0.3192529654694335)
(659,0.07856686071998889)
(892,0.2393995732921965)
(894,0.12417680308195145)
(899,0.07639091789548545)
(650,-0.0012362247853284544)
(776,0.04083118288048774)
(891,0.055309103969693865)
(896,0.327546341480595)
(538,0.40342372966767787)
(893,0.15116482264109632)
(898,0.4327250141875087)
(1078,0.003485582769301443)
(648,0.15223157504873408)
(889,0.22773697036072643)
(887,0.4026698445986963)
(400,-0.005701142488214822)
(882,0.2968953883731042)
(520,0.10498058813236678)
(1189,0.028712632768978404)
(523,0.05653020685112581)
(643,-3.89855208123846E-5)
(1076,-0.017416727052706055)
(879,0.555359908424075)
(999,0.00759375558139426)
(997,0.06056331454041866)
(632,0.19963885225703404)
(510,-0.0737521372375761)
(630,0.12696718450106204)
(750,0.722483354171819)
(990,0.2866042713846896)
(1180,0.04234625281854262)
(1185,-0.0023614075645634336)
(751,0.6529731863128871)
(996,0.040064915590568975)
(1064,0.020835216988569084)
(1299,0.042606195202397605)
(638,0.17853576184864156)
(873,0.601389966033914)
(626,0.016197990837994163)
(624,-0.004657079197421143)
(622,-0.053980850587670715)
(862,0.037280411432594834)
(621,0.006386847666132303)
(503,0.1287872216397638)
(748,0.934534630702088)
(1050,0.0900487705003568)
(1294,0.08440888782594766)
(1175,0.037014247956609576)
(863,0.1050188041990351)
(1066,-0.022051205704912147)
(1176,0.18698949701906414)
(1062,0.13648241139140582)
(1172,0.11071414528156882)
(1177,0.008186471274684366)
(615,0.10645344429253166)
(614,0.09407104690142466)
(612,0.10276065718056382)
(610,0.20534638223069943)
(970,0.05334922851624768)
(736,0.27501879217719954)
(1399,0.0639034409877452)
(613,0.09909826941000507)
(973,0.03623281370350598)
(1285,0.055239927722735505)
(1036,0.0010609095562670035)
(1297,0.08331427540659343)
(1043,-0.01588326757471451)
(1063,0.14039447149707882)
(1183,-0.02079215256721545)
(848,0.08129876444700257)
(967,0.042957866620033106)
(965,0.15962532524160444)
(842,0.0883085781298532)
(600,0.0035604571499373017)
(601,0.09588382210606271)
(1024,0.1737738056170699)
(1269,0.11144291949698687)
(1270,0.046148676193199956)
(1030,-0.016310130870333617)
(843,0.053152898053313025)
(968,0.046687581694881006)
(1146,-0.03397970002117977)
(1271,-0.0019926957137068463)
(1032,0.058396605217380035)
(837,0.12051300828168701)
(957,0.011585846162429499)
(712,0.1312074220616406)
(954,0.12006519558254564)
(951,0.003712551403932507)
(838,0.01776631186004858)
(1497,0.026057129213118375)
(1133,0.02117244062664675)
(1498,0.00443339544255069)
(1022,0.2872197632938023)
(1263,0.052033733977892904)
(705,0.15118532798747739)
(945,0.14943109999026194)
(822,0.044228501667392714)
(1486,0.0017839328689253104)
(1122,0.01418160471664694)
(1126,0.04235504105221451)
(1249,0.013088587311146455)
(1127,0.0666300030558869)
(1003,0.02128286236386681)
(1492,0.00443339544255069)
(1494,0.0017839328689253104)
(1243,0.04986382204611513)
(1493,0.0017839328689253104)
(812,0.03270105205918132)
(810,-0.0718138765789395)
(1235,0.016507426421538598)
(1234,0.04262399980224632)
(1479,0.07557792537318819)
(1116,-0.028939949854506264)
(1480,-0.030561401535909152)
(1236,0.013056932819214233)
(1121,0.1618911072913261)
(1237,0.0741422936970314)
(1118,0.05319248376738808)
(1483,0.01406436948274846)
(805,0.12953146656271333)
(1464,-0.025280592689107494)
(1463,0.04268088163987718)
(1346,0.020730133567832737)
(1470,-0.027708073468816735)
(1452,0.018803715813751263)
(1455,0.015024051538600182)
(1454,0.056670451053296725)
(1457,0.015322605244526857)
(1453,0.01170962394662001)
(1458,0.018803715813751263)
(1460,0.015322605244526857)
(1461,0.01170962394662001)
(1573,-0.006820939969373288)
(1328,0.06919694509481181)
(1368,0.12078246270521542)
(1598,0.057925086522596925)
(1322,0.06991469085128058)
(1324,0.0053820926892280425)
(1326,0.09441124507471854)
(1327,0.026449777357344342)
(1323,0.055627607151001374)
(1673,0.010516599726564779)
(1677,0.01367331229934856)
(1315,0.1935097022999271)
(1682,-0.01196612485399734)
(1427,0.013410122900567152)
(1302,0.10596791461306337)
(1537,0.030931686983051654)
(1658,0.0639641740070971)
(1652,0.024912888770942596)
(1534,0.056285298598643306)
(1536,-0.0034725878862498713)
(1405,0.12552447719449294)
(1528,0.0157028668995182)
(1404,0.08537015648613328)
(1525,0.015231136263547227)
(1511,0.08366557691587241)
(1514,0.09304625520958548)
(1628,0.05727757862278153)
(93,0.6025896170250835)
(1619,-0.00538882655753271)
(1611,0.039254932023807934)
(1610,0.05229676158643102)
(192,-0.025367437841093174)
(1604,-0.008057247309646303)
(1606,0.03396134164895145)
(1609,0.03600198362486482)
(1601,0.0016630921304827068)
(298,0.693104166007475)
(296,0.1536857760079841)
(293,0.7557332735350064)
(171,-0.01321468573384689)
(291,0.5317330806151143)
(170,0.14159653736791014)
(295,0.43952569882714004)
(61,0.05575743732619083)
(60,0.09978862461275453)
(288,0.999352232005211)
(165,0.20098829212774927)
(284,0.7120814465432626)
(282,0.7443126109595161)
(281,0.5298741139047802)
(160,0.07825059493294455)
(287,0.7614790521969417)
(59,0.10483045574607368)
(279,0.301981807787305)
(156,-0.1305650212503783)
(276,0.9276270058455831)
(274,0.7353583012988677)
(151,0.7063253015292515)
(273,0.6233472975956683)
(150,0.6523740227278295)
(277,0.5988071931051349)
(45,0.16720857812576642)
(149,0.26909969210634127)
(268,0.8622285227124504)
(146,0.13428458892976167)
(147,0.5682558734019499)
(32,-0.028363452509489545)
(30,0.0547232963411789)
(137,0.7421797321772224)
(256,0.08518565285929866)
(253,0.30607822876040275)
(251,0.4426537074677828)
(130,0.27211801631346366)
(250,0.4650292017628146)
(255,0.8751470204071403)
(24,0.349409414689136)
(23,-0.028275645182253006)
(20,0.4741835987468446)
(25,0.8638875535886978)
(129,0.5101957559085767)
(249,0.333862422256832)
(125,0.7666297171983381)
(124,0.8628776241431937)
(122,0.24071665484576615)
(244,0.4618388280457986)
(240,0.327486479569565)
(121,0.7467779596111608)
(19,0.6300688350641116)
(126,0.8160343349178004)
(16,0.33156319295534065)
(246,0.5892503085898457)
(13,0.8018503324137751)
(18,0.07017436820173889)
(123,0.33550561157316594)
(248,0.7033224415175431)
(118,0.6211020847680587)
(117,0.7521060290433189)
(237,0.9824979828929876)
(475,0.7314469434568548)
(479,0.0913618847490839)
(235,0.5266518868221874)
(591,0.6795894814185525)
(116,0.6860912228296785)
(236,0.37688443699725793)
(111,0.8574902157661144)
(471,0.7693258445221283)
(476,0.733806129923143)
(113,0.08164934866475712)
(10,0.5050863840932498)
(15,0.894650573202307)
(109,0.2427589311214142)
(108,0.21773997631190645)
(106,0.38098260605339496)
(224,0.362164538774696)
(464,0.10512844369846164)
(221,0.5684422089035346)
(346,0.5345638187805496)
(461,0.12171448679224273)
(466,0.07612484554240667)
(460,0.22637962101300096)
(222,0.7188511066930885)
(467,-0.004202562217911635)
(589,0.04321563398776524)
(593,0.05179110630817703)
(458,0.6431902151523168)
(455,0.23882290375423348)
(212,0.11194957350387519)
(695,0.004952202460544605)
(696,0.49187300563100844)
(327,0.6873276137255984)
(325,0.4709674945721738)
(324,0.3603520131976741)
(685,0.4121254084042205)
(320,-0.027347048223319778)
(558,0.0783212985829722)
(676,0.5928563937188519)
(547,0.2509310570015456)
(789,-0.05005067508189282)
(544,0.3682951266417809)
(664,0.12002559807424)
(546,0.5600816204357837)
(1094,0.09972015639051601)
(1097,0.16105618086338275)
(1098,0.09814187677345096)
(536,0.16615138638667915)
(534,0.14829161714540973)
(411,0.4950682505025388)
(410,0.47036092611956637)
(772,-0.06923410514551313)
(654,0.030487760212264736)
(535,0.41563385721407553)
(1085,0.17141988996729923)
(1199,0.08181369679342819)
(533,0.1736362916639775)
(653,0.004194574751860459)
(1081,-4.161090831352257E-5)
(408,0.3855476730654697)
(529,0.14276080426506468)
(405,0.6543915860764484)
(647,0.0638709819413936)
(522,0.02186666716469525)
(762,0.5856007781523669)
(644,0.13222855202578396)
(764,0.2561748754563561)
(1070,0.03952855412839059)
(521,0.004383084891298069)
(886,0.33054685931243755)
(763,0.49053237964646224)
(1071,-0.011879507943116005)
(1067,0.263325068405418)
(1197,0.47430913453355045)
(1068,0.17615296507943742)
(639,0.16883813235884057)
(1073,-0.04244949533519189)
(512,0.10958895912553623)
(634,0.06667631878391961)
(994,0.047347588562073606)
(875,0.3969700025081276)
(1059,0.08378724465537818)
(753,0.15747151548204796)
(1061,0.4045376439747322)
(1187,0.009624837324601003)
(508,0.8366942086808259)
(628,0.6701596694733074)
(987,0.0223744279463792)
(504,0.03333384495952153)
(742,0.7264514818836634)
(744,0.8401035985151217)
(864,0.5300581521955623)
(980,0.14010047369573458)
(985,0.21741177291896568)
(741,0.3683767684791067)
(866,0.5464429760653027)
(868,-0.010567867868613736)
(1171,0.2589267839022183)
(1048,0.48769867982262477)
(619,0.3979430228651001)
(979,0.17990405920519373)
(856,0.10483544726980808)
(978,0.07465187633464726)
(1156,-0.01205918461019876)
(1159,-0.05875801627991804)
(1158,-0.005046457817683158)
(1398,0.03119007549128844)
(1160,0.35028898940249154)
(1161,0.07699062399398446)
(1281,0.20909713259797)
(1163,0.2792326064419089)
(847,0.5445761335947877)
(844,0.13881775939762808)
(845,0.7505291954049329)
(962,0.1631446183877976)
(960,0.004091511598550271)
(1144,0.020612786400285302)
(963,0.07271053004256565)
(1386,0.03189205902262702)
(1272,0.07535300194568519)
(1154,-0.027748383751954774)
(718,0.11934908207242398)
(956,0.1703992021223804)
(713,0.4336385089484114)
(952,0.2664554575051837)
(950,0.3762608825424364)
(1375,0.17245053143258768)
(1014,0.4558128497079178)
(1019,-0.026293866956700038)
(1380,0.11210779819094516)
(1134,0.27188784010090783)
(1259,0.05054618981881518)
(1016,0.3870015713736131)
(1381,0.13921989215049263)
(1012,0.49967077529327575)
(1017,0.3688400273265337)
(1009,0.48458360083788493)
(1137,0.40708165160742565)
(824,0.12606731581735572)
(823,0.3785576738393985)
(1365,0.025931408959605346)
(943,-0.07435295780403864)
(1005,0.10520982877952417)
(1129,0.18140248589232535)
(1369,0.05420786225841184)
(1006,0.12185073269421777)
(1130,0.003834351553876841)
(1010,0.2642691267281039)
(1374,0.028436042262942586)
(1011,0.5006798196438486)
(1131,0.0403164691000919)
(1251,0.24289235514280963)
(1007,0.3758953916997766)
(815,0.661813359599983)
(936,0.524468808305782)
(813,0.5661476373712875)
(1354,0.0237212291567608)
(933,0.08797483470340792)
(1115,0.3124353239926559)
(1117,0.15023324912419037)
(1132,0.26630955547195095)
(1142,0.3219148026908181)
(1252,0.045642225828881555)
(1241,0.12675440267050442)
(1357,0.07825926858812023)
(1362,0.04131657746469948)
(1367,0.04118168647405281)
(1372,0.043551541234367414)
(927,0.16064190582557458)
(1377,0.09709078281845301)
(923,0.15926105869264326)
(922,0.2913152570441438)
(7,0.7102937751997573)
(920,0.03721280739129753)
(9,0.9578880487591337)
(1,0.8289862340730739)
(6,0.2898010898742312)
(3,0.30941602492289144)
(1350,0.021817284009947143)
(1104,-0.02942484889950052)
(1344,0.11269955659743358)
(1226,0.33443447101748136)
(1342,0.04872696462583677)
(919,0.23985433946301482)
(1347,0.05775236039738113)
(1467,-0.013671641577217274)
(1597,-0.04498427417704215)
(1008,0.36391292939577435)
(1331,0.08408751898071368)
(1332,0.018387704715658114)
(1335,0.13569727239772283)
(1103,0.0399185987198667)
(1128,0.07951264163362717)
(1143,0.10465123091938752)
(1223,0.023265512601653777)
(1233,0.14943057858293193)
(1333,0.04700001787944724)
(1338,0.06649742800379677)
(1353,0.01632260206524871)
(1358,0.010556604160470492)
(1441,0.045906383584491534)
(1442,-0.006459697921409932)
(1445,0.028396821777656817)
(1446,0.0648304982827347)
(1448,0.034901561371211635)
(1439,0.02463190689055543)
(1438,0.01442025578833276)
(1431,-0.009266309170155557)
(1435,0.03935223095353099)
(1434,-0.011646100206179651)
(1436,0.0237595385074824)
(1437,-5.013993502231695E-4)
(1440,9.231683471802449E-4)
(1428,0.011767781778754469)
(1429,-0.022890988102647624)
(1421,0.07312961908500136)
(1424,-0.020250531003103128)
(1425,0.046764779959613756)
(1426,0.0023256527485416146)
(1422,-0.032825683314204226)
(1423,-0.010511702556264445)
(1416,-0.03761512096698034)
(1419,-0.1070274445902)
(1417,-0.004569277643262567)
(1418,0.018103806993093812)
(1410,0.006532861923905675)
(1413,-0.052226317818690554)
(1415,-0.00751099582009046)
(1414,-0.004511231048839145)
(1406,0.03549280479736966)
(1407,-0.028523875291955464)
(1400,0.05467269269063189)
(1401,-0.007766896881795438)
(1402,0.03414846071179268)
(1403,0.03260530643580166)
(198,0.029531737106341577)
(196,-0.08421151285779235)
(194,0.0584293312573579)
(193,-0.14814889906126638)
(191,0.03261460324446935)
(190,0.04280769549566499)
(195,-0.12881657622774506)
(197,0.07478830282508454)
(189,-0.007932331168648235)
(188,-0.20072451281931986)
(186,-0.058393750123826096)
(184,-0.25652435532832685)
(183,-0.1317497706580707)
(180,-0.10093726560867657)
(185,-0.03123373841364112)
(182,-0.054960861787710306)
(187,-0.07272748990009358)
(179,-0.031226895272498237)
(176,-0.14105386712680118)
(174,-0.0029423503701858367)
(173,0.03988668421426157)
(178,0.05440454856685225)
(175,-0.13040923081889907)
(172,-0.07154183174261498)
(177,-0.16263278151800772)
(169,0.05110812463691661)
(168,0.019991924437854927)
(164,-0.1014704035488981)
(161,-0.16074078073312276)
(159,-0.08266538534577549)
(158,-0.008464177247335919)
(154,-0.04794829693781017)
(153,0.027780975416294193)
(155,0.07422267306684495)
(157,-0.07798765768865427)
(148,0.42448809023189776)
(145,-0.16891451108054947)
(144,-0.13207915646161922)
(143,-0.028795463952564933)
(140,0.006364471202606456)
(134,0.007873905699096337)
(133,-0.007798973823998856)
(135,-0.1018611604118178)
(132,-0.0951258586306025)
(128,-0.19646418741217175)
(120,0.11958728173072528)
(119,0.03406070096417664)
(114,0.008944762485938285)
(115,-0.07962914045457428)
(112,0.06692831692774355)
(592,0.010930329371902275)
(597,0.4668727468128736)
(594,-6.001361910497674E-4)
(590,-0.08592901278752199)
(595,0.2938697775181454)
(596,0.4615976586393203)
(107,0.32840148305078437)
(105,0.1151058322143872)
(104,-0.007295234548183392)
(101,-0.12842959356799072)
(103,0.03245827814228769)
(582,0.16699887090825588)
(587,-0.01288446477879042)
(584,0.07123437258702248)
(585,-0.008172017435618878)
(581,-0.09460588996872071)
(586,-0.10824811366704715)
(583,-0.047144788200946336)
(588,-0.0943401428071252)
(578,-0.18523463804920742)
(577,-0.028945942998981233)
(574,-0.04594679941238607)
(572,-0.06174494359546104)
(570,-0.06358455105663618)
(575,0.013349055901248907)
(571,0.03892408382675844)
(576,-0.16004158460213022)
(573,-0.07341387774615957)
(569,-0.0818232256792514)
(567,-0.15215010218925612)
(566,-0.14599237623893715)
(564,-0.11726719685473053)
(562,-0.10061550510995981)
(561,-0.07660218571755614)
(563,-0.07539730585843486)
(568,-0.1678657019982423)
(559,-0.07251113890644201)
(557,0.08389182720833173)
(554,-0.1289323106650303)
(552,-0.14968993044677048)
(550,-0.23435622778906545)
(555,-0.010962543059417539)
(551,-0.1291010449093258)
(556,-0.01852369688628991)
(553,0.09513820095204213)
(549,-0.03824286888448308)
(545,-0.06801773551050692)
(543,0.05198413629967982)
(542,-0.06842575538465465)
(540,-0.10057762954667206)
(541,-0.1693503867193579)
(537,0.10210532030743476)
(532,0.1102353768758093)
(531,0.21764626807916834)
(527,-0.008352538533991719)
(526,-0.13184884023903132)
(528,0.03262787173518408)
(518,-0.07528809484330723)
(998,-0.01259933396707641)
(995,0.29092348724013684)
(992,0.0020904232439773116)
(511,-0.08537170020684821)
(991,0.1408221804129624)
(993,0.2191029015089468)
(509,0.19519920669581875)
(989,0.20718800358360037)
(506,0.028154416246763264)
(501,-0.1101117007718433)
(500,0.050971701174489986)
(982,-0.01855712957018474)
(984,0.1992888149681826)
(981,-0.0122680799549644)
(986,0.041400994376014674)
(983,0.0018054548491313535)
(988,0.46606395902082787)
(977,0.09585124796262542)
(974,0.08751766017392128)
(972,0.10802696922602745)
(975,0.2187116137240256)
(971,0.1889739992129252)
(976,0.028227733527946247)
(969,-0.06870352305751772)
(966,0.18633724558046477)
(964,0.04407629214235591)
(961,0.11069397332614475)
(1389,0.002978152803582483)
(1387,-0.0038384624292945035)
(1390,0.011051870271291184)
(1391,0.001721948309526487)
(1394,0.0459272696016293)
(1395,0.03924959143925449)
(1396,0.01416809890084745)
(1392,-0.0029760872868076146)
(1388,0.02092446476670117)
(1393,-0.021376780584340564)
(959,-0.006653062797327566)
(958,0.04725526485415721)
(955,0.15838569496928795)
(953,0.1502857322445793)
(1376,-6.235612858820558E-4)
(1379,0.07271530878547806)
(1378,0.036176358524138585)
(1382,0.043987595055470716)
(1385,0.007262860092438372)
(1384,0.0014406453909827002)
(1383,0.03515132264328819)
(949,0.18267898537756352)
(947,-0.09835767723991398)
(946,-0.07162219387941512)
(944,-0.01918962010890876)
(942,0.08472729900513046)
(940,-0.08412346025571218)
(941,0.01661661460984315)
(1364,0.009752167884364078)
(948,0.18968064654894684)
(1370,0.060309388156715736)
(1366,0.009752167884364078)
(1371,-0.011646908632853436)
(1373,0.009752167884364078)
(939,-0.012485740012512313)
(937,0.41590191795079473)
(934,0.43026239677760425)
(932,0.09696317027676923)
(930,0.12022691721503481)
(935,0.14495281574674715)
(931,0.05050675395336697)
(1359,8.99418924481931E-5)
(938,0.1967884473190636)
(1356,0.012053208750383081)
(1360,0.007753492763494444)
(1361,0.021358024977455734)
(1363,0.009752167884364078)
(929,0.24415361261478702)
(928,0.25661690007784704)
(925,0.0809139064527073)
(924,0.5034421273420784)
(921,0.14005926382360534)
(926,0.32802639156584273)
(1345,-0.0018823691881012829)
(1343,0.009752167884364078)
(1349,0.009752167884364078)
(1348,0.009752167884364078)
(1351,0.020390904967423698)
(1352,0.009752167884364078)
(918,0.04722457518311317)
(917,0.03638938416223339)
(914,0.032625539850099014)
(912,0.029546920039236)
(910,0.029560292800970722)
(915,0.01470820821264001)
(911,0.021431254916056245)
(916,0.02193622390353056)
(1334,8.99418924481931E-5)
(1339,0.009752167884364078)
(913,0.011218687221060696)
(1336,-0.01838817912667718)
(1340,0.009752167884364078)
(1341,0.009752167884364078)
(1337,0.01130048030648359)
(909,0.1383376911400473)
(907,-0.006028263639794809)
(905,0.2590052447540073)
(904,0.18233174356226062)
(1329,0.009752167884364078)
(903,0.15346273302407926)
(1320,0.009752167884364078)
(908,0.10125097293894725)
(1325,0.009752167884364078)
(1321,0.013448031562880176)
(1330,0.0021813201847903207)
(1317,0.026906398607707348)
(1319,0.01715894208131038)
(1318,0.018631340960212184)
(1311,0.10627439820925488)
(1314,-0.05517845688768865)
(1316,0.0323623193032945)
(1312,0.11789041638828661)
(1308,-0.008639605372648391)
(1300,0.06653202747871896)
(1301,0.05143979000787812)
(1305,-0.03836977584024596)
(1304,0.0018003368982723016)
(1303,-0.03697253592729774)
(498,0.014412002008222027)
(496,-0.06336571954633212)
(483,0.0383374708175301)
(480,0.03288058672894709)
(477,0.38709977525708866)
(474,-0.11741076962633827)
(473,0.46458294797828864)
(470,-0.1610471214813327)
(472,0.31765128382570706)
(469,-0.0041521891676765885)
(468,0.009555507314534695)
(465,-0.05963792003435894)
(463,0.1640078564955909)
(462,0.10343629986941372)
(459,0.30672113064314466)
(457,0.08986213191869608)
(456,0.1299725250039647)
(454,0.0479120026955625)
(451,0.0730691213101214)
(453,-0.08411404118956768)
(450,-0.18186697386158363)
(452,-0.15748892666162811)
(449,-0.16751797544838545)
(446,-0.07213186064964092)
(444,-0.15397060008377067)
(443,-0.05833930356457538)
(441,-0.12184592355807891)
(448,-0.049651944735202125)
(440,-0.0506127313366469)
(442,-0.025544577261023764)
(447,-0.006967022594211114)
(439,-0.02321963906187269)
(438,-0.02799253785942562)
(436,-0.10398892487792442)
(433,-0.07231967321574351)
(431,-0.26178998186417374)
(432,-0.08575785906545724)
(437,-0.02321963906187269)
(428,0.03632297837562315)
(426,-0.13804266976943283)
(424,-0.014399399134713643)
(423,-0.08498125915205319)
(421,-0.04343228513767517)
(420,5.91431454093988E-4)
(425,0.017509777294743907)
(427,0.025796799920104016)
(419,-0.08954229375908794)
(418,-0.10362554019011241)
(416,-0.03755927935557481)
(413,-0.14177936342728942)
(412,0.3315557099558292)
(897,0.005388533628926577)
(895,0.3513903633925722)
(890,0.060488240256150086)
(409,0.17623689897552958)
(406,-0.04612275378517733)
(404,-0.06575372605595947)
(403,-0.15183051517755708)
(401,0.059939593255832896)
(402,0.017213258406272677)
(407,0.10964406977908278)
(884,0.05425339213684144)
(880,0.4208173070089286)
(885,0.037607235792617495)
(881,0.20861813128202503)
(883,0.12535891001760235)
(888,0.18570164574219528)
(877,0.25937740298266587)
(876,0.14462295366465142)
(874,0.35733635175973827)
(872,0.23797937780674341)
(870,0.1524852083854766)
(871,0.3648689712411727)
(878,0.046382958652371915)
(869,0.11006178186547468)
(867,0.06112035505922223)
(865,0.1757077186554567)
(1289,0.06693498354286292)
(860,-0.0847678846915817)
(861,-0.010390050687078912)
(1290,-0.018359896120293175)
(1291,-0.031205274299135638)
(1295,0.010452903842038036)
(1296,0.11812419766477995)
(1287,0.005035882210637931)
(1292,0.0023862168338756587)
(1288,0.012264840384033401)
(1293,-0.0018760040856295578)
(859,-0.05798084652764377)
(857,0.011461053202320888)
(858,-0.005586436633580227)
(854,-0.10435627207899986)
(852,0.0055044458693217085)
(850,0.029993445206235935)
(851,-0.011260953642369339)
(1280,0.017779727951770307)
(1279,0.0015480518031099066)
(1284,0.2630152182796715)
(853,-0.11872925834195212)
(1276,-0.013015129981843001)
(1286,0.11866029872290766)
(1277,0.11601996346778815)
(1282,0.19407013343712498)
(1278,0.1345066048895457)
(849,-0.05486705589705193)
(846,0.47567736753521894)
(1283,0.14966959349048967)
(1265,0.1274358571024976)
(840,0.09286068941981093)
(841,0.11199001686578894)
(1267,0.020135336022670758)
(1268,-0.005086782683167137)
(1273,-0.09641580351449615)
(1275,-0.037677014331697865)
(1274,-0.07691745435556807)
(839,9.260329555462604E-5)
(834,-0.042913314936373875)
(832,0.11329314550048077)
(830,0.0055044458693217085)
(1255,0.07042990225758397)
(831,0.16368859349239515)
(1254,0.04425770260181136)
(1260,0.015004770535658959)
(833,0.050617551310082595)
(1264,0.09739403800856175)
(1256,0.012291549506400153)
(1261,0.05100259206427316)
(1257,0.033740043614858835)
(1262,0.10025823824563658)
(829,0.16845820632183234)
(827,0.18672224538111945)
(825,0.16887770046218217)
(826,0.14979050863697407)
(820,0.12620574106545376)
(1245,0.02697578795512765)
(821,0.10069871052342154)
(1244,0.0403395091373136)
(828,0.057924458166358196)
(1246,-0.03414796250912191)
(1250,-0.03220375176304821)
(1247,-0.0014577679943033814)
(1248,-0.033487609850626016)
(1253,-0.025753857165325102)
(1258,0.1704030344615776)
(819,0.2083573713747336)
(817,-0.01551693005792082)
(816,-0.1218022710068377)
(814,0.016259834160619047)
(818,0.10938093096088476)
(1232,-0.028733808796712064)
(1239,-0.09389374944091927)
(1238,0.0462858159967565)
(1240,-0.0693205733180113)
(1242,0.041337448190284086)
(809,-0.07354152950784068)
(807,0.07592862699692253)
(804,0.019851512733545754)
(802,-0.12821430294752623)
(800,-0.1540838270679528)
(801,0.021624099147559084)
(806,-0.12284105367741519)
(1225,0.04032622294680333)
(1224,0.011248073984896911)
(1229,-0.025969335449026562)
(803,0.030861165650593082)
(808,-0.10329529107132854)
(1230,0.04418197803522078)
(1221,0.14575978042964)
(1231,-0.13723649312954242)
(1222,-0.09996328901910279)
(1227,0.03601108484563361)
(1219,-0.11579472145892787)
(1218,-0.10771516907244456)
(1228,-0.1632823972755157)
(1210,-0.11253056288592636)
(1211,0.06835959572343095)
(1215,-0.004333478928733092)
(1214,0.007763545774278142)
(1216,0.009124307125159107)
(1212,0.01298165541505502)
(1217,-0.09107665526520052)
(1220,0.0018501639868071657)
(1213,-0.03387195448849568)
(1207,-0.06608309446983994)
(1209,-0.01911291196916047)
(1208,-0.05367363131598471)
(1201,0.033797621177130366)
(1202,0.12339807795838577)
(1206,-0.015565864159870754)
(1672,0.010081863835912645)
(1675,-0.015719484187188257)
(1676,-0.011841249670023124)
(1679,0.0035626438555297346)
(1678,0.0016191112168495768)
(1680,0.0026193768067309673)
(1681,0.0033407206688552474)
(1669,0.0015766836109446705)
(1662,0.010190773882665184)
(1664,0.03903367140117096)
(1666,0.0015766836109446705)
(1665,0.0015766836109446705)
(1667,0.002036909639786033)
(1663,0.0015766836109446705)
(1668,0.002036909639786033)
(1670,0.002036909639786033)
(1651,0.008032405282897566)
(1650,0.008032405282897566)
(1655,-0.0027433068050259496)
(1657,-0.014452696103905545)
(1653,0.022369723179067293)
(1647,0.0066738847868558)
(1649,0.0066738847868558)
(1648,0.005206309996593657)
(1640,0.010467552444523872)
(1641,0.010467552444523872)
(1644,0.006519460657600967)
(1646,0.01367146770389002)
(1645,0.008032405282897566)
(1642,0.05406201242595915)
(1643,0.018577224541653302)
(1636,0.01258763082027324)
(1639,0.02808003677003198)
(1637,0.010467552444523872)
(1638,0.010467552444523872)
(1631,0.02950469877380709)
(1630,0.010467552444523872)
(1634,0.008032405282897566)
(1635,0.010467552444523872)
(1632,0.010467552444523872)
(1633,0.010467552444523872)
(1629,0.002417193650115175)
(1621,-6.923484407697598E-4)
(1622,0.0022936924564840146)
(1623,0.009175378955895496)
(99,-0.09320845170750156)
(98,0.15078693480830396)
(96,-0.14912722981430568)
(95,-0.04315843224877888)
(91,-0.08971261064251479)
(90,-0.01707354894593141)
(92,-0.15407276474405202)
(97,-0.07337835753378652)
(1614,-0.0233744722753055)
(1616,0.015894691013688234)
(1615,-0.04541711203451551)
(1612,-3.3102580189434214E-4)
(1617,-0.016943327414079803)
(1613,-2.0945773613728277E-5)
(89,-0.12907411087860482)
(86,0.20625691288587314)
(84,-0.1215415093266396)
(83,0.04503558541798865)
(81,-0.032098488025863084)
(88,0.0563781634770535)
(80,-0.06971312613983355)
(85,0.03724229683440938)
(82,-0.1650309966162096)
(87,-0.016514225719034256)
(1600,0.07558029411546414)
(1605,0.03431256369872541)
(1602,0.044641752392797954)
(1607,-0.016684325587688807)
(1608,-0.01894479925492978)
(79,0.02303418568865162)
(78,-0.04579874105177498)
(76,0.003484569795618994)
(74,-0.011200049229290923)
(71,-0.04727924862737132)
(73,-0.054297225901321855)
(70,0.25440543513670405)
(75,-0.017036294588240436)
(72,0.05237306475821596)
(77,-0.0638593239986705)
(69,-0.04292812503070072)
(66,0.12133089417169324)
(64,-0.002753370210144823)
(63,-0.03636176983600886)
(68,-0.21326560125786204)
(65,0.09673772668201089)
(62,-0.1762525627691884)
(67,0.006563963588257837)
(58,-0.005440903074205479)
(56,0.13425368312203786)
(54,-0.11729436449408814)
(51,7.685379675217291E-4)
(53,-0.1467133033201312)
(55,-0.1815571900504815)
(52,0.1033907477700552)
(57,0.11387858867140417)
(396,0.04484607273716135)
(394,-0.013323186613974206)
(393,-0.012943868049929697)
(391,-0.16409426706985206)
(390,-0.008256141646404855)
(395,-0.01816644939126888)
(49,0.1355019266143632)
(46,-0.05249621167349236)
(44,0.049962136475066476)
(43,0.01908114049269166)
(41,-0.06561158519841483)
(48,-0.01716241627636153)
(40,0.0710248021716536)
(42,0.06020317146668357)
(47,0.04984952824647586)
(388,-0.02163218128479047)
(386,-0.03849032100160377)
(383,-0.014560178978831245)
(381,0.2804640166227638)
(380,-0.07609633318761741)
(385,-0.14901819878631067)
(39,-0.09536099354778457)
(38,-0.15224616551201658)
(36,0.06648519410429286)
(34,-0.0028174457201209802)
(31,-0.09673370671138642)
(33,-0.10764255946313647)
(37,-0.048580584774379695)
(382,0.13469712444644596)
(387,0.17800433558752932)
(379,-0.15476194141639174)
(376,-0.03309079577115491)
(374,-0.06999617967609596)
(373,-0.1534556641383758)
(378,-0.0031644833093316116)
(370,0.21764526650282628)
(375,-0.06699612090320421)
(29,-0.09693412249453259)
(26,0.25242952330872964)
(28,-0.06431100961566813)
(22,-0.08485138209016728)
(21,0.26080272763860635)
(27,-0.18620267275874025)
(372,0.07059068778379177)
(392,-0.004216990373781135)
(369,0.09088346379893503)
(368,8.717270177298342E-5)
(366,-0.006136145741276494)
(364,-0.03738677486039904)
(361,0.07848776598178239)
(363,-0.013458306019011046)
(360,0.06367649321960032)
(365,0.021169188765720465)
(17,-0.18217924676545763)
(367,0.0450186125522284)
(397,-0.11415820698946691)
(11,-0.070814497369155)
(12,0.1480720174971759)
(358,0.31586185257812205)
(359,0.07030557366169181)
(354,0.3591324311791765)
(356,0.0021218629742718736)
(351,0.06358871340499245)
(353,0.04899318931809451)
(350,0.08098675577605732)
(355,0.16723371182973853)
(352,0.1119552700090892)
(357,0.021205890007557737)
(349,0.09220430535652566)
(348,0.17088548713254478)
(343,0.39566378222948784)
(341,0.05776781425598267)
(342,0.30925697520734735)
(339,0.31617703058215185)
(336,0.17623856599947274)
(334,0.28556245814244063)
(338,0.2749665943715801)
(330,0.150135582184803)
(335,-0.02071426073943399)
(332,0.6874607370986279)
(337,0.11013743040385944)
(329,0.3275329613531038)
(318,0.10855457076785535)
(317,0.030646778143322527)
(799,0.06615640208298426)
(797,-0.10461701537016743)
(794,0.10714670130958694)
(792,0.20999543541516663)
(790,-0.03366159112654432)
(795,-0.003463509859556929)
(791,0.022796972271248106)
(796,0.06460185831609933)
(793,0.05161530347120645)
(798,-0.02936883129876719)
(787,0.07553209561309848)
(785,0.1232424497213842)
(784,-0.003942189757199236)
(782,0.08165876368964439)
(780,-0.014205515924032797)
(781,0.18103920195749124)
(786,0.021954258025016327)
(783,0.01944663911805769)
(788,-0.01258055129894203)
(779,-0.11817961690294153)
(777,-0.016479047774988126)
(774,-0.12465690186073415)
(775,0.10127812646778127)
(770,0.00903203802158907)
(771,-0.12986837544108185)
(773,-0.04088128731103985)
(778,0.11744918409762702)
(769,-0.12557203471552042)
(767,-0.05175049713391443)
(765,0.014734873969411949)
(766,0.15518295172132646)
(761,-0.04981819932871166)
(760,0.03569534394012691)
(768,-0.04095225391113458)
(1194,0.09093757239448844)
(1195,0.13039209242705158)
(1191,0.029780571424426822)
(1196,0.04048896875671702)
(1192,0.024875623889765733)
(1188,-0.14990242878206478)
(1190,0.18905598469617596)
(1193,0.04486492794385896)
(1198,0.04321933438761335)
(759,-0.042267278663640356)
(757,0.006179764481908774)
(754,0.4081524984962243)
(752,0.1459998961888637)
(755,-0.034804153519709946)
(756,0.5265357579934868)
(1179,0.003857092679412158)
(758,-0.09673496211252046)
(1184,0.010345850580301595)
(1181,0.005960984898349508)
(1186,0.03953410947390837)
(1182,-0.019251659371133156)
(1178,-0.026940219137135873)
(749,0.26790703607192456)
(747,0.06240476576435232)
(746,-0.1392478872877736)
(743,-0.12345455197989312)
(1169,0.05449162072636543)
(1166,0.06998743176975993)
(1167,0.06279658818804135)
(1170,0.04608396720059459)
(1168,0.10244489759147185)
(1174,0.06953227997574077)
(1173,0.08670582980707418)
(739,0.07609779853590048)
(737,0.04382867639859249)
(734,0.046730605170754266)
(732,0.03802259449282151)
(730,0.00694681883657039)
(735,0.03399799438873133)
(1155,0.004976686719771729)
(731,0.10088046817483244)
(733,0.047321666125266976)
(738,-0.008815652719968578)
(1165,0.07298641078980937)
(1164,0.08227510745584844)
(1157,-0.08527720808252968)
(1162,0.03308183561471548)
(729,0.08929584558199977)
(727,-0.0560936316567643)
(725,-0.005222240852704951)
(724,0.1556575057084805)
(722,0.1044359521634328)
(720,-0.19817095744232988)
(1145,-0.024065548949694593)
(721,-0.04309724539769073)
(726,0.04951301196393289)
(1150,0.025301430066987263)
(1149,-0.02505394820277651)
(723,0.1419260473868203)
(728,0.0036177805749938174)
(1151,-0.007721644967301093)
(1147,0.10757904298719602)
(1152,0.3977095906702203)
(719,-0.017648049032143093)
(717,0.3374494432194145)
(714,0.1380728609845709)
(715,0.10476699569454288)
(710,0.03127800015568519)
(1135,-0.004703988743056858)
(716,0.1792970688517038)
(1139,-0.0164715088531536)
(1136,0.09048011505093725)
(1148,0.053546221217496935)
(1140,0.007887586870689814)
(1141,0.07326591818575465)
(1153,0.08995601005835432)
(709,0.2482544224116015)
(707,0.25071769748546496)
(706,-0.01429100671150347)
(704,0.09017789985843085)
(702,0.22374358085201085)
(700,0.08151000455802739)
(703,0.16159948060506568)
(708,0.10034850628779313)
(1119,0.08334052678556886)
(1111,0.07402725004752676)
(1114,0.1345461723691223)
(1599,0.015884881226743346)
(1596,-0.016862582241751634)
(1595,-0.016862582241751634)
(1112,0.05152572373549835)
(1113,0.10755730592773899)
(1120,0.21102119941050784)
(1109,0.018694577744850734)
(1108,0.02173401192101364)
(1100,0.02784996552269504)
(1584,-0.009660723355737633)
(1105,0.08505205853418044)
(1589,0.036934798177308804)
(1101,0.04063378206967054)
(1106,0.02755770039065663)
(1586,-0.009660723355737633)
(1110,-0.16289342818183059)
(1594,0.011452045397270978)
(1591,-0.005791293312213591)
(1585,0.0032333706917352413)
(1590,-0.0075699638259954655)
(1102,0.08831111121194646)
(1107,0.09502248401379897)
(1587,-0.009660723355737633)
(1592,0.01996977435150596)
(1574,-0.009660723355737633)
(1576,-0.009660723355737633)
(1575,-0.009660723355737633)
(1579,-0.009660723355737633)
(1577,-0.009660723355737633)
(1578,0.0010722640718023382)
(1581,-0.009660723355737633)
(1580,-0.009660723355737633)
(1582,-0.009660723355737633)
(1583,-0.009660723355737633)
(1588,-0.0075699638259954655)
(1593,-0.0029233609215282112)
(1562,-0.009660723355737633)
(1564,-0.009660723355737633)
(1566,-0.009660723355737633)
(1569,-0.009660723355737633)
(1565,-0.009660723355737633)
(1567,-0.009660723355737633)
(1570,-0.009660723355737633)
(1571,-0.009660723355737633)
(1572,-0.009660723355737633)
(1563,-0.009660723355737633)
(1568,-0.009660723355737633)
(1559,-0.009660723355737633)
(1551,-0.015735945671349904)
(1554,-0.014807623010038087)
(1555,-0.06337478293657349)
(1552,-0.02861601140759889)
(1557,-0.009660723355737633)
(1553,0.02582718545647836)
(1561,-0.009660723355737633)
(1560,0.0450711760005775)
(1549,-0.004267089998844854)
(1548,-0.009660723355737633)
(1541,-0.017941064783707175)
(1540,-0.026796588635372057)
(1542,-0.036394594354199755)
(1546,-0.009660723355737633)
(1547,-0.022324157362051032)
(1543,-0.014766396688170426)
(1550,-0.02293255162678091)
(1538,-0.002931168208776272)
(1531,-0.01496033743444869)
(1532,0.00983056371988501)
(1535,0.001058616024923435)
(1527,0.025236974050815993)
(1529,-0.03264901702033054)
(1520,0.005364564930974827)
(1522,-0.004083555300934044)
(1524,-0.014266006742184902)
(1516,0.023486807486552224)
(1517,0.013506064753289117)
(1519,-0.008096070282394629)
(1518,0.05539518942177912)
(1510,0.005212740998508294)
(1513,-0.005187841343811559)
(1504,0.012607831151228837)
(1506,0.027624999211608443)
(1505,-0.02160590071426603)
(1500,-0.018240112945092445)
(1501,0.038946251412341676)
(1502,-0.0035472862435600855)
(1503,0.0034749139108969374)
(299,0.295679354760991)
(290,0.3867393687064665)
(280,0.5367381404067737)
(278,0.4435813990325125)
(266,-0.013137876917897317)
(264,0.24986978623935238)
(263,-0.007801246502657183)
(261,0.10352422740214044)
(260,0.21838245673642326)
(265,-0.11924895901981006)
(262,0.4242022732533151)
(267,-0.04654995974753035)
(254,0.060467311692827)
(252,0.4049321970449292)
(247,-0.02648472502389152)
(241,-0.10713883877310328)
(239,-0.07050010537815382)
(238,0.03906199995895851)
(234,-0.029498173823179753)
(231,-0.14632172631051607)
(233,-0.18800395973038578)
(230,-0.16547552018531897)
(232,-0.1705107102027594)
(229,-0.17103731723988902)
(226,-0.20540275041516576)
(228,-0.16481997557136113)
(223,0.13236451597446586)
(220,0.5309873369926839)
(225,0.3451510874377286)
(227,-0.1827393837743721)
(219,-0.11771562895718886)
(218,-0.04954930668843867)
(216,0.03325592369024931)
(214,-0.2151456398659888)
(213,0.192038861808998)
(210,0.0019170831596405022)
(215,-0.07593390334718533)
(217,-0.13039369974099835)
(692,0.0681600125226898)
(697,0.05423282075169267)
(694,0.18185501064727713)
(699,0.11376939261904113)
(693,-0.03243378472128138)
(698,0.04772044160968888)
(209,-0.09782501790281622)
(206,-0.13637431457805677)
(204,0.01751227286198452)
(203,-0.039386717777474156)
(201,-0.174091689706556)
(208,-0.043036238806105576)
(200,-0.05804708132204316)
(202,-9.492546036778682E-4)
(207,5.843555099572031E-4)
(682,0.3842923116838446)
(687,0.23359556892700697)
(684,-0.08862171487016626)
(689,0.411468213442306)
(680,-0.00997968924908375)
(681,0.054764495487225104)
(686,0.059539007856932405)
(688,0.16288738531272676)
(679,-0.25764028413809603)
(674,-0.060926610372840445)
(672,-0.13456728308943283)
(670,-0.11012218501124267)
(673,-0.0630470670555749)
(669,-0.07820751439300505)
(666,-0.008761119446164905)
(665,-0.20669582210020523)
(1089,0.13328662534326247)
(660,0.021483079063774717)
(668,-0.016212288669792838)
(1095,0.09141442045350688)
(1096,0.023853414082015256)
(1099,0.024275137813354053)
(1092,0.05203109416271087)
(1093,0.12185415506211296)
(1090,-0.09844163433694234)
(1091,-0.04097694001004512)
(658,-0.0939383706737014)
(655,-0.038044129425397824)
(1079,-0.05058600889505595)
(652,-0.010065718197644263)
(651,-0.13729983704774973)
(1082,0.04984344008278932)
(1084,0.19535329084383798)
(1086,0.19098488635125277)
(1087,0.023090210422682104)
(1083,-0.0442280654627646)
(1088,0.010715607393990453)
(1080,0.013910487646519334)
(649,0.0828370438347846)
(645,0.061461967505053935)
(642,0.011686253862857363)
(640,0.023699932968875823)
(1069,0.02941262029853902)
(1072,-0.009701324691492333)
(1075,0.047248667921801796)
(1074,0.09190744693421282)
(1077,-0.021879386505654935)
(637,-0.05375008103178358)
(635,-0.04326532983683741)
(636,-0.1349245041382196)
(631,0.10159797070960745)
(633,-0.0701935015132907)
(1056,0.030747293795546325)
(1060,0.0973135050253627)
(1057,0.08794441475860054)
(1058,-0.01439513964341041)
(1065,-0.05299198630149871)
(629,0.10997149074134759)
(627,-0.13890601183003282)
(625,-0.11013760674452763)
(1045,0.07408031620990117)
(620,0.3038839592616552)
(1049,0.16341961705659896)
(623,-0.012991543484347612)
(1046,-0.030522890054284796)
(1051,0.324241632336753)
(1047,0.466678754225977)
(1055,-0.010275947904331298)
(1054,0.19514326872518453)
(1052,0.018948882966493788)
(1053,0.08614487603122731)
(616,-0.08577876474792306)
(1035,-0.015585147773688995)
(1034,0.045339992378239435)
(1039,-0.07988995198281912)
(1037,0.04492832128365501)
(1038,0.12418734890426833)
(1040,0.16055263961677332)
(1041,0.14249886289866945)
(1044,0.057786768439731545)
(1042,-0.0557591599777537)
(609,0.0022940766618186823)
(603,0.09754698420587009)
(1023,0.27444315959117677)
(1025,0.15800302601245758)
(1026,7.09288647205087E-4)
(1029,-0.0671181510887736)
(1027,-0.0331964414508073)
(1028,0.4600343641308988)
(1031,-0.04156625757031746)
(1033,0.11759079720703622)
(1496,-0.008438491965188581)
(1015,0.10494889197084845)
(1499,5.144724518793067E-4)
(1013,0.04307022514051859)
(1018,0.050063012123879896)
(1485,0.006941414465219309)
(1004,-0.03813911576338015)
(1489,-0.01744778826006154)
(1001,0.07023152879772467)
(1002,-0.011879499527309809)
(1490,0.03303809044590153)
(1491,-0.0041587020035206215)
(1495,-4.949272716551073E-4)
(1487,-0.007644646147043679)
(1488,-0.010362287487617444)
(1475,0.00822621284026561)
(1476,-0.011718535082660278)
(1477,-0.009651540812977439)
(1478,0.013760002997329018)
(1481,-6.618895614273895E-4)
(1000,-0.005342867458539041)
(1484,-0.040806261803750105)
(1482,-0.00888424422920115)
(8,6.46599749829016E-4)
(4,-0.048149961232210374)
(5,-0.04159844667178994)
(2,-0.20585441792642295)
(1465,0.03537714001606502)
(1469,-0.019519291980868103)
(1466,0.07734250680111551)
(1471,-0.03769735517194787)
(1468,0.006173718680693767)
(1473,-0.004837917842918385)
(1459,-0.028270264602888798)
(1462,0.0849106698243187)
